procs -----------memory---------- ---swap-- -----io---- -system-- -------cpu-------
 r  b   swpd   free   buff  cache   si   so    bi    bo   in   cs us sy id wa st gu
 9  0 10629836 455820   56 3993916 374  481  1119   918 7367   60  9  8 80  0  0  3
 1  0 10628136 432564   56 4002392 1672   0  9168   708 27849 60409 12 10 75 0 0  2
 1  0 10628108 427768   56 4002652  12    0    20   556 25047 55037 9 6 82  1  0  2
 0  0 10628092 425752   56 4004872  16    0   200  2660 25523 57044 9 7 82  0  0  1
 2  0 10627884 424744   56 4005168 204    0   240   556 25840 55533 8 7 81  0  0  3
 1  0 10627844 421940   56 4005168  32    0    32     0 23925 53040 8 6 85  0  0  1
 0  0 10627796 420000   56 4005800  40    0    40  1272 25330 55849 9 7 82  0  0  2
 2  0 10627700 418492   56 4006020  96    0    96   420 25394 54407 9 7 79  0  0  4
 0  0 10575004 362308   56 4015948 51516  0 65616 12888 27494 59022 14 11 73 0 0  2
 1  0 10574840 361800   56 4016144 160    0   160   136 23857 53120 9 6 84  0  0  2
 2  0 10574708 357232   56 4016880 124    0   124  1060 26735 57035 9 8 80  0  0  3
 0  0 10574580 357208   56 4017220 120    0   120   684 24170 53704 8 6 84  0  0  1
 0  0 10574460 357188   56 4017672 112    0   112   716 25973 57149 9 8 81  0  0  2
 0  0 10574304 350132   56 4035800 144    0  4752 28676 29014 64069 8 9 80  1  0  3
 4  0 10574200 348904   56 4036144 100    0   100   400 25046 55502 9 7 82  0  0  2
 0  0 10574148 345620   56 4037476  44    0    48  5300 25087 55438 9 7 83  1  0  2
