procs -----------memory---------- ---swap-- -----io---- -system-- -------cpu-------
 r  b   swpd   free   buff  cache   si   so    bi    bo   in   cs us sy id wa st gu
16  0 10574140 350100   56 4037416 374  481  1120   918 7368   60  9  8 80  0  0  3
 1  0 10560056 336968   56 4038096 984    0  1048   696 28474 58176 29 12 54 0 0  4
 2  0 10559932 335072   56 4038192 124    0   128   228 24173 52216 20 7 71 1  0  2
 1  0 10559724 330052   56 4038960 208    0   800   404 25739 55419 20 8 70 0  0  2
 2  0 10559624 330296   56 4039032 100    0   100     0 24083 51636 19 7 71 0  0  2
 1  0 10559560 326044   56 4039212  64    0   140   532 25101 52935 19 7 71 0  0  2
 4  0 10559480 323920   56 4044028  80    0  4696   300 24329 52480 19 7 72 0  0  2
 4  0 10559448 319228   56 4045552  24    0    72  5816 26319 56171 20 8 68 1  0  3
 1  0 10559408 323208   56 4045748  36    0    36   108 24330 51866 20 7 71 0  0  1
 4  0 10559372 326452   56 4045956  28    0    28   556 24870 53474 19 8 70 0  0  2
 1  0 10559340 326452   56 4046156  24    0    24   244 24695 51772 24 8 65 0  0  3
 1  0 10559316 326240   56 4046664  24    0    24   984 25944 54674 19 9 67 0  0  4
 3  1 10559280 327116   56 4046908  36    0    52   844 24803 52516 20 7 70 0  0  3
 1  0 10559252 324868   56 4047404  24    0    24   616 25673 53724 19 8 69 0  0  3
 3  0 10559236 324064   56 4047552  16    0    16     0 24127 51243 19 7 72 0  0  2
 1  0 10559176 319324   56 4048192  56    0    96  1436 26599 54697 19 8 71 0  0  2
